306
-945
-409
-543
413
311
257
558
252
108
-353
723
563
-476
-88
-738
5
795
-237
-180
752
331
-351
674
829
83
-994
-220
-128
-974
-61
362
784
-152
673
413
-258
280
116
-348
-300
657
309
-217
-911
-777
597
-557
-669
553
377
634
-544
433
618
-478
27
-37
169
-894
-194
-824
-405
170
190
-968
-912
-999
76
768
502
917
-389
1018
-312
62
-162
792
583
-30
152
-966
645
962
-773
-677
951
-474
523
-412
-948
-686
970
1013
946
941
-711
184
59
-595
864
-904
390
-858
-602
550
-772
492
125
456
860
513
-646
785
-182
-548
954
-122
168
637
-784
923
945
267
-842
785
-717
361
-565
314
-667
417
-558
474
141
117
728
-4
-351
-151
-908
-891
-795
522
-498
-625
-350
-196
-735
-14
696
-277
739
646
-633
-629
-623
-635
-459
-337
390
661
-206
-924
-719
-65
-162
393
-88
531
429
-285
790
-204
907
-519
-325
-903
13
1005
-1011
327
107
784
789
-228
550
-612
-83
-627
-30
-307
48
683
-696
62
455
-156
-125
337
-240
-355
725
-501
-505
128
885
582
-953
890
481
-492
302
633
338
115
785
890
741
918
-454
-163
316
-596
872
736
-675
-761
-87
-955
743
195
126
588
965
92
922
-219
-179
-893
-968
554
579
585
666
187
1004
-105
843
-65
227
-462
797
-671
717
550
348
278
-297
898
-329
205
-197
117
-929
-112
361
-2
515
-938
-219
453
-243
351
-255
96
707
868
815
-318
-481
-542
899
-983
-812
458
-527
-129
-595
504
665
36
-229
950
-248
-222
859
517
-24
765
-68
-57
-795
989
165
858
-900
-13
736
5
904
-999
-443
-98
-355
-619
-284
-388
-543
-328
-216
-870
-458
-502
-427
606
584
10
619
58
-255
-447
96
106
-1017
576
-491
-401
-266
972
884
-940
-214
-842
-305
200
-852
376
-627
9
-121
-247
-307
242
-63
-758
71
331
809
739
532
-680
-177
857
874
815
1010
385
120
-310
-693
769
-42
470
-954
102
659
-660
228
-545
255
762
589
-164
163
994
866
-883
-378
-565
-911
532
-496
-976
396
-34
152
-725
-435
881
1006
365
-778
61
747
968
717
-447
349
-550
-840
477
-234
-513
-769
258
-715
439
964
-169
3
-284
448
-351
992
-442
368
-620
333
106
483
745
174
-386
-38
872
490
-939
-354
-735
-255
895
80
-934
-704
419
48
482
572
138
196
662
-26
415
501
-949
1013
-611
-907
-926
844
-989
-423
91
-3
-775
-659
260
-805
-439
75
-575
589
135
-525
-114
378
47
969
-691
343
48
-735
-150
-120
557
501
-134
519
538
-385
-667
233
375
547
-509
151
-312
-238
565
558
826
953
210
789
368
141
212
-502
-118
22
856
855
1017
-274
803
-735
73
9
107
536
325
821
-140
897
201
613
-983
-958
665
408
358
824
-99
503
559
250
924
644
-582
93
-551
-157
900
585
386
302
559
574
868
-946
-944
271
-422
211
-358
-800
824
-600
-409
-912
1015
437
989
-587
618
-734
-390
-612
806
762
-979
727
-352
160
-972
-925
395
-767
844
-231
-225
553
-906
-492
-170
327
-936
-392
325
-267
563
-366
551
-182
-279
-391
207
656
-589
-859
342
-512
586
314
592
-963
-476
222
714
-952
534
874
-87
-721
-16
958
890
986
51
-992
325
-693
-196
-565
86
-520
-34
-809
875
-792
-792
933
446
-255
233
917
473
-928
779
-242
-142
-536
-167
-849
-418
-515
-403
1002
-195
402
-289
262
383
-21
674
-1011
-451
-436
-234
353
-409
75
-745
-397
-294
-27
819
-176
541
-83
398
590
600
-771
383
-878
-577
-551
933
-536
837
27
317
736
-810
-248
-964
-411
316
707
-591
433
735
-27
-1017
1020
242
-116
-226
454
782
-564
-411
867
-336
-128
-325
-962
-544
611
680
-492
-132
3
-669
650
68
-962
346
-400
-288
-946
-130
-446
-301
673
846
-126
448
254
223
-132
954
845
440
393
829
-874
452
-331
-989
-902
832
-790
-575
538
892
-95
-997
978
1011
-432
-849
-631
-339
751
646
70
442
1002
-152
-1011
-761
617
-36
-995
-42
-208
257
-63
436
-855
322
-69
-366
-576
-777
-50
-396
-560
290
657
-175
792
453
-891
853
-950
630
196
-778
-975
328
165
-866
-157
-354
-351
-1021
-616
322
-838
301
-244
-57
-336
1019
-387
515
512
636
-37
-197
-862
797
805
-980
-138
172
233
-127
1022
-600
-457
-866
-122
-971
882
122
218
-1015
51
-395
356
-281
19
-910
-529
-270
-613
-18
339
657
295
48
801
301
-434
-451
767
484
290
974
-900
6
364
554
97
891
-171
-893
-98
-235
918
569
-372
-147
220
-608
-896
817
858
-178
148
-644
-552
746
525
174
499
-540
978
239
-827
-450
-7
-916
-671
-481
-104
331
-661
978
239
977
403
809
-123
316
299
514
914
-578
-570
78
-126
-962
369
-431
-664
-1004
695
-409
158
-290
741
824
-49
-404
650
689
5
986
-710
-728
101
208
1023
859
-247
-750
-224
-656
780
106
-871
567
-101
-805
147
20
-670
-489
601
467
270
-599
762
-683
-133
762
-685
680
202
804
440
-793
175
436
554
-941
-600
665
720
-730
-348
513
566
-690
-558
-395
-394
359
-220
-481
1021
-329
-428
551
658
656
-141
858
-443
816
-795
239
-293
-418
104
-408
279
-382
955
-413
343
665
-708
-594
-613
-683
-601
-366
-688
790
704
-645
-44
437
-786
463
-876
-364
12
-574
-379
-761
477
819
269
-621
986
-899
-622
921
537
-344
81
904
973
96
698
-342
-132
-521
441
-924
-140
-806
534
-457
-1005
-408
-263
-320
-440
-176
452
-921
-185
104
-177
-191
-820
-174
-343
-866
612
-388
387
-857
295
827
-259
314
-344
-617
-932
-905
71
434
523
-609
722
-432
308
-576
-349
-558
-134
-976
933
-237
-796
1009
762
-234
-24
-204
568
865
324
58
-795
-79
-422
-310
736
775
-226
47
-272
-287
-283
-979
559
-758
802
-1
-527
440
-339
-516
473
312
-819
844
-290
256
-577
-906
-522
959
100
794
693
-986
-421
-18
-78
209
-383
169
-1015
753
-334
-645
877
-549
-31
-430
-636
638
-129
1004
829
-162
-107
704
-185
-801
-812
-668
-696
-539
-348
578
-513
-620
-695
-319
719
-592
-957
396
22
-882
113
554
-964
828
977
277
-826
272
860
791
-56
518
-167
461
619
643
-927
-754
-113
988
-612
-901
-766
264
-1005
-414
-767
388
-317
-40
-569
408
471
-668
-364
725
-649
870
113
-532
421
-27
258
-23
-577
265
-722
331
-453
-630
485
-824
489
-351
-723
-123
841
-645
-245
826
-256
-213
-89
142
-16
-76
-293
935
174
795
319
-541
-103
-911
638
-532
-33
-344
-18
-939
570
-560
658
-491
-270
138
-933
-66
-589
141
549
184
661
-828
-162
959
559
-51
322
-180
881
366
-777
476
778
838
642
-154
-565
-188
971
463
262
498
-380
990
-468
-463
1021
-496
-1000
-680
148
-283
701
987
206
171
-345
915
-358
-58
693
548
509
686
811
-385
631
-396
416
163
417
545
284
-564
324
164
-1016
102
-255
195
-874
-160
-641
-142
738
-675
934
132
-852
182
-495
-285
-758
457
155
362
-108
164
-977
-195
566
663
-963
-705
1001
-230
-384
252
-688
61
-108
-175
-726
-904
244
-541
406
314
-886
-335
-149
-89
60
-63
-822
-356
732
118
-327
718
-936
-416
-879
49
-304
-14
-262
721
-520
536
273
-637
998
188
358
-219
96
900
77
-583
556
-498
-90
-41
985
970
-718
842
-85
-960
-320
-418
663
-594
-417
563
560
-566
-1009
151
-686
111
669
1018
290
-768
331
-936
-550
752
-880
87
-712
443
-759
-111
572
240
518
628
850
-497
-617
386
-455
795
-287
-632
-327
-179
99
947
-279
823
292
788
785
-411
427
825
526
-373
-1000
-842
41
861
-917
287
-348
-461
959
379
-864
-279
995
819
-779
334
-155
-22
303
637
402
869
-902
82
87
-576
461
-96
-58
-416
-874
-171
846
-444
434
-110
415
-635
238
738
760
898
573
-128
-747
-517
128
-531
378
719
-242
782
763
630
-719
575
237
-598
-537
-982
195
-30
539
-88
-176
927
1001
-926
511
-378
-33
-607
102
571
977
460
-835
859
-427
211
343
632
258
-930
973
-254
731
-607
348
-137
725
-184
-194
282
957
-760
700
-471
-160
378
447
-367
230
-322
1005
18
-408
-537
-59
-319
-809
110
-973
-981
82
733
461
713
-334
-776
931
152
-575
-915
-670
-387
-845
-103
24
873
-847
903
234
-367
756
628
990
-120
-920
776
-96
197
965
331
974
-826
-359
440
877
-79
-934
-520
-294
-149
-919
913
949
-119
-587
-936
-860
-361
-375
574
785
587
733
439
134
101
982
485
689
656
-511
980
208
47
-684
-805
-59
823
305
239
-762
940
-921
-48
330
865
566
-416
610
-504
-749
-956
23
704
309
-351
-428
580
-19
-508
27
-775
132
722
-731
-99
-377
-197
-799
391
-554
666
-195
-726
-701
-363
940
859
-164
155
362
-175
-254
7
898
-498
-838
-467
-648
6
383
347
-79
281
274
-418
-894
916
-145
648
542
457
913
-802
765
544
402
262
486
-969
-236
503
119
-905
435
5
543
459
103
-212
546
234
747
848
-456
911
-530
-270
-181
276
995
-489
-783
-400
7
984
872
-830
-759
-346
406
232
-232
-544
119
-24
857
333
-211
871
-31
-252
158
-11
949
823
-634
-20
352
583
518
836
-303
707
1010
-828
868
-256
512
-389
-115
362
-500
325
758
102
826
-863
627
-888
43
254
-1
-407
-756
554
-920
-728
-682
-735
-1006
940
319
-926
-129
810
-779
-177
938
-109
-55
-422
-699
-191
346
-721
596
681
306
613
748
-647
253
536
-383
500
97
927
-997
151
943
-552
-672
329
-640
977
178
301
245
753
-664
-781
280
-391
762
600
-519
78
529
-773
-742
-460
875
146
885
614
-117
-958
-850
-7
70
-665
24
346
398
-623
-58
660
-164
-800
-567
-460
673
57
-948
-261
579
-323
344
899
-117
-954
-856
-432
-881
814
-929
404
-82
-128
-277
-604
348
397
-31
-776
870
-52
766
604
673
-610
-104
-657
460
-718
-532
-402
-233
-729
-776
81
903
-167
-614
-431
674
883
-715
-880
-52
265
287
-692
592
-392
866
-787
-44
-872
389
-325
-508
-104
-48
731
774
304
-873
-912
950
656
973
-907
-183
-378
-136
-62
-570
369
-611
218
924
-424
-829
-789
-506
169
24
-85
912
-292
848
887
678
977
-413
136
-846
599
492
-344
680
930
-211
-99
117
-910
350
-712
-620
-630
199
434
-758
-334
-35
-145
-711
-428
821
-237
-286
4
-670
-553
376
-68
666
234
-631
-242
565
-620
629
706
-701
314
263
-24
758
-764
-295
-715
176
-403
-913
-646
-295
932
389
394
-956
-731
-998
901
-461
-2
856
138
-393
667
-461
-633
137
-154
656
-667
763
-484
373
901
-1017
502
-872
-641
80
937
-311
-447
518
407
533
-512
-396
-601
-572
301
147
-3
139
-505
75
260
-394
-144
-355
-492
-521
-675
-430
805
-223
-954
-984
-396
-7
723
74
144
-607
-714
348
-989
-531
326
537
680
465
-910
918
916
-413
-637
508
576
-16
-527
-661
-214
-113
-825
-47
-606
-784
-909
-707
889
236
24
-363
881
-219
-941
-72
-949
-802
774
912
684
752
-567
-129
-908
422
804
-715
-363
254
710
214
352
87
348
-256
552
461
-806
894
533
325
-1
-655
57
-997
-912
626
61
-435
-411
-795
-162
379
1018
77
-362
-506
469
-123
-737
-129
709
375
115
-437
572
-699
45
383
227
-614
-865
524
233
-129
358
295
-334
-120
926
552
-335
-504
914
808
-825
480
-581
-996
-794
-301
-1022
-622
-876
736
23
-504
-265
-563
-824
857
-711
-735
19
715
-430
233
834
860
-912
352
-177
-56
-82
358
-578
991
-998
-341
-600
-534
541
752
-666
85
-408
335
-4
-413
-931
-787
781
-862
211
240
455
-924
370
413
392
-232
932
-355
-188
-337
576
156
434
634
-119
-472
-243
916
-702
954
912
-485
-957
-301
-576
-533
-547
-991
-623
1011
-963
179
-170
-377
-281
872
-873
-464
-73
237
996
-237
-89
-960
-849
-8
924
60
-590
-122
970
535
-84
-203
120
-644
600
-165
-624
-861
-622
944
80
-517
316
-358
950
-276
-791
326
-510
378
-3
513
110
528
574
-378
480
-193
304
-132
569
-581
-390
-630
935
-472
-164
670
-450
35
-408
867
430
-443
582
821
323
906
-296
997
-869
743
808
944
233
267
455
371
156
-375
-316
619
704
-805
619
-1009
159
-561
226
-398
-379
-825
257
-558
-951
702
624
749
-517
-865
-734
394
946
201
453
-239
-709
886
-64
900
974
-386
602
-248
-736
189
41
598
-397
-682
-575
-814
988
-293
818
315
211
713
378
183
-921
37
-453
-852
257
-232
644
-67
1001
598
740
489
229
40
-140
300
-48
917
226
419
699
15
-756
-884
698
615
319
-275
-98
-659
459
810
-404
-898
479
115
-809
97
108
-600
-58
-339
-889
-354
-169
646
78
-592
-858
269
87
272
524
-32
-840
884
-286
-751
-912
-527
-58
65
-919
600
-613
-882
656
752
-169
336
769
-371
267
376
-385
802
29
830
628
374
-497
-799
-1009
-130
230
-306
-270
52
480
50
565
68
-17
-814
-134
-457
-947
-123
-141
-440
122
-692
429
-685
-644
-610
-536
-119
429
-41
-725
42
-270
923
594
-913
407
-635
-98
-814
-101
-746
690
-241
-354
485
100
359
816
-685
728
-655
-164
-301
-548
981
538
-30
549
-625
-581
-720
-339
1009
114
844
674
279
-631
-402
880
887
-289
-78
464
-785
-919
819
-992
117
-440
541
175
-939
116
173
-131
962
95
-470
310
944
364
-506
527
-381
351
-540
611
645
-280
-95
-583
659
-817
-832
635
-517
-778
814
961
349
390
954
314
624
336
214
-173
542
-715
-315
58
-922
577
-757
-15
-349
390
-318
1
806
-418
49
902
1005
-60
-642
332
435
-55
857
-546
-867
-682
-202
-9
939
811
515
278
-1013
217
190
141
-987
-397
-254
484
-96
-437
-866
-164
-272
849
686
923
636
-959
503
-925
220
131
206
-328
565
669
176
-234
889
-820
66
-120
3
-185
431
308
422
-358
-896
761
-288
278
91
-207
-832
602
-463
-121
-499
720
-185
-887
-440
-462
-693
-946
-750
657
191
-811
708
-699
-416
-536
942
597
128
922
470
-303
819
356
849
-27
-486
-281
-221
114
733
-681
999
-928
226
730
-501
189
-305
-916
-192
-253
479
570
781
796
-747
883
924
-738
648
-820
930
544
787
-842
-847
22
271
-611
109
-346
802
506
321
942
38
665
-53
-530
-655
149
-526
-446
-158
412
473
-187
202
-930
950
-10
89
-923
-105
899
-510
-942
-446
903
-453
492
-516
-798
728
331
-413
-714
717
527
397
687
-852
-538
-82
921
-258
-484
835
-513
-382
-111
639
-484
462
-396
-323
824
-105
881
79
586
231
-730
98
-124
366
854
-133
446
-554
-83
-239
757
-395
503
78
-747
442
338
-892
340
-441
-470
-683
46
-304
980
267
742
-857
587
48
-187
798
-902
-575
-763
258
504
-659
-463
31
307
-917
-557
898
878
-728
301
134
774
-927
-77
693
54
185
99
84
-65
-671
739
823
-529
313
-980
-360
-380
-97
471
-352
-404
-440
333
275
441
324
524
893
920
-709
-877
840
-846
708
-875
732
240
-755
-474
358
-389
818
565
942
350
-1006
-337
-196
1008
437
167
-138
732
926
576
-925
153
-483
-355
-418
-797
609
851
7
-627
-484
510
-943
-390
432
-103
768
-804
557
-856
-4
-565
107
929
908
699
159
42
-23
941
553
-18
649
-947
-699
89
574
-337
-189
-162
-968
-6
570
-899
620
-93
-287
526
-796
-30
650
364
143
-619
577
282
336
707
139
129
-595
146
-244
-814
551
402
-992
949
198
-397
-580
-600
-316
-827
676
263
880
-876
301
773
-258
768
435
13
465
-1014
-132
865
804
547
648
-540
579
683
-754
34
489
-52
-420
772
494
420
208
11
837
-8
470
812
668
993
103
323
430
-400
-940
-483
808
52
-77
722
-435
-108
969
-365
574
133
-87
1020
-362
843
988
652
-359
-12
607
-91
-113
-284
25
-1001
-890
-840
-191
727
14
-78
-451
46
175
-1012
-914
-857
171
433
-479
693
-777
580
388
849
453
13
769
37
286
-192
-530
138
917
953
914
-633
956
-631
-537
-849
523
435
-554
479
825
444
-329
206
620
-403
-648
78
108
689
593
-357
204
674
166
310
-944
567
92
305
-238
389
588
-462
249
831
430
13
216
505
-65
776
-605
43
80
-514
-71
-405
683
-145
-283
-413
-80
161
516
-749
-808
260
-652
494
-956
-465
752
-110
792
-906
331
632
264
-721
636
390
-494
-219
318
410
-611
-412
545
268
578
-443
-143
280
-172
-594
-249
914
184
721
-304
516
-267
-254
986
557
-500
-963
700
192
-728
-345
-612
-1017
-502
-130
386
-546
-106
542
116
229
-211
-254
-481
-962
403
56
989
241
140
-137
-721
453
698
798
-990
-58
907
-980
-635
-77
-821
-276
369
-911
903
-642
-936
-863
-857
870
-1023
394
715
-742
646
-396
98
-573
-348
-889
355
931
286
-49
-417
-283
704
-541
911
-420
366
320
-125
611
441
-1016
-694
-141
-321
180
-306
762
-886
-746
541
557
395
824
-656
-265
-221
-603
-309
-929
-869
-886
-1017
-915
1011
15
477
-816
-130
-116
465
966
299
-504
537
791
231
94
66
816
861
-96
109
-340
125
886
985
954
-633
544
321
-286
111
-117
-82
158
-445
-137
-596
956
-849
711
-757
391
-46
787
-798
-1001
942
-176
514
-406
-283
454
137
-403
471
-615
-708
170
901
-1021
-260
238
831
140
-993
-293
769
-43
465
2
573
-389
503
672
921
-489
-538
-226
835
-864
456
264
-831
-693
467
798
659
-686
87
370
-410
959
157
-688
-888
-671
-488
-598
677
-175
262
881
487
-115
392
-417
-868
926
857
15
-417
905
740
-673
926
921
785
-154
657
-533
807
-849
258
810
-286
-900
380
-220
-129
-814
495
-271
926
-643
-664
-380
727
-917
47
-27
966
-443
7
744
748
-953
-568
-324
733
-1001
-457
-635
-413
-330
-911
22
-546
716
312
-655
-789
740
423
-656
-852
-6
853
926
768
-962
770
123
428
-318
-745
620
-565
-154
-17
593
-248
-657
592
705
871
-422
845
325
621
444
823
100
-661
-73
470
-871
426
-559
-838
646
-546
692
106
-106
553
-604
-207
1010
-526
-426
-408
371
974
175
-350
-123
579
-625
566
303
-124
-598
504
-86
559
-510
507
60
792
-31
136
148
-453
-684
-335
-961
-712
-558
596
461
-513
615
175
564
139
676
221
287
-720
594
-32
140
1004
-679
-766
-721
-943
170
-453
-471
-358
-727
180
-862
-687
86
979
-336
678
917
207
816
648
-38
-575
-938
-1023
-16
434
-294
909
-205
393
-371
310
714
287
-358
421
-732
-274
22
299
-850
371
-76
-651
289
-650
420
-977
682
-515
1020
-753
217
-44
-252
-745
826
350
816
88
-823
411
230
123
278
897
369
38
-726
115
-508
622
484
464
137
-726
278
557
-107
-96
-311
-881
98
134
741
36
419
-419
-56
815
-177
-85
-182
814
-1023
-52
525
-578
-653
-130
475
-952
63
453
-225
-221
-77
902
669
-932
-773
776
608
669
-303
42
-1015
241
-393
-174
633
-371
-798
-968
-782
652
-689
-30
-49
534
-22
805
-77
1002
-450
908
880
-115
-496
392
447
-1008
663
-398
-464
384
704
652
571
441
254
-583
645
-961
378
-228
256
-110
-143
-340
-47
-682
312
224
929
167
738
324
-735
-434
42
444
565
-891
-833
73
-399
791
271
765
-81
-74
-308
-585
103
-676
-924
499
640
240
469
-590
174
-68
-764
-687
855
-641
880
-190
277
-588
-1011
-617
-439
-628
328
301
-848
-527
-80
391
-720
-4
-836
-377
563
-759
305
768
761
-532
725
-29
-130
921
-863
760
794
384
832
-843
-843
841
-117
-508
-292
732
-522
696
438
-990
-110
458
-653
307
-685
763
-112
202
584
514
679
541
699
-320
500
-185
-420
-813
739
599
444
-751
930
-130
566
848
-555
-425
-643
160
216
120
985
285
452
-225
604
904
-296
956
-896
-452
635
-870
429
392
-905
715
-459
894
-685
798
1003
-949
-401
633
-50
-14
692
314
791
-4
159
-285
887
292
-626
-404
-656
475
-125
819
558
179
357
814
-171
183
830
-480
-336
935
-202
968
-643
683
353
-454
-813
-892
16
-128
132
906
-568
988
320
-485
-856
571
630
243
985
-883
-126
181
456
72
-580
623
-475
753
319
850
579
919
-553
-895
-618
369
-838
-164
-517
-340
-684
-630
210
52
-286
-98
-96
-395
-150
-476
8
-946
35
-939
668
-637
-157
-828
-221
487
915
-333
752
-497
894
-147
353
889
601
278
6
253
-1009
962
-546
-820
848
694
8
321
-348
-390
-254
-684
1
521
304
-233
-48
-518
-659
-231
-595
590
-70
-330
350
-24
406
-422
-199
-257
771
-818
598
-1024
-922
441
-517
147
-671
771
-393
919
988
-711
827
-766
851
-133
-852
39
994
-765
1013
-184
-217
-79
-737
-449
-833
673
824
667
672
-673
-385
810
844
-17
218
-935
-589
-975
-868
-907
-11
1016
965
-542
-660
72
263
408
-273
-829
624
893
-236
-698
80
22
-56
-382
-293
-116
-799
624
-719
-1020
690
791
892
-597
850
-421
-878
159
-345
-259
749
330
-81
543
-495
80
800
-648
-587
696
-612
-999
-935
825
118
569
801
-885
-592
112
-515
-187
-507
-641
720
-512
-870
1004
941
95
-186
-969
-776
494
18
-568
244
-578
217
-252
-556
515
-249
-681
-855
-284
-766
-729
-334
826
102
-510
114
-868
322
-7
1008
562
638
-101
-141
-1015
-479
957
785
-200
-576
147
-573
-350
765
398
-161
-477
937
-1020
266
647
971
141
-725
136
769
607
26
6
-296
-849
948
577
-234
838
-423
777
-192
442
438
716
431
-449
649
-181
-671
-116
-597
-963
514
945
856
-433
773
-325
493
997
-500
-267
146
-102
-631
601
405
162
-962
267
-631
733
715
-236
-234
-189
195
-689
644
-74
-302
84
-409
583
923
1019
-236
-873
-386
989
-966
145
-679
-664
-214
760
-99
486
-965
733
47
-294
-664
927
-492
-333
361
952
-958
-44
698
435
-506
696
715
-217
503
-145
722
-216
-276
170
-955
41
-718
5
80
-757
-510
-231
160
649
-250
54
-492
-312
-16
680
326
-442
-287
-972
-788
-978
219
-451
401
-949
712
541
487
-999
-754
418
-81
216
426
488
-125
-800
-856
-615
-238
292
-190
-674
-480
567
-152
-1003
611
-585
-575
-755
-543
-868
-946
-839
513
906
-659
-172
548
613
545
-49
-938
614
150
261
-269
304
565
596
238
-561
-408
846
-248
591
547
-47
57
-602
-389
949
-447
-606
-228
-266
355
-918
21
-222
264
-222
-877
228
89
143
-179
-495
-308
-977
-620
-405
-724
-203
686
-752
-6
-897
-127
-346
-472
592
-196
629
593
730
-673
-850
-153
1014
-916
708
812
413
581
654
-423
272
-1007
969
-480
885
-593
397
-563
255
-580
-148
392
236
-375
188
44
-628
-190
421
68
980
-137
448
-752
686
651
257
335
304
397
686
403
489
-115
739
925
-322
112
663
235
-233
-381
871
376
310
552
-502
858
-552
692
119
-675
624
510
-510
901
190
238
-875
852
-70
60
-434
101
241
-268
940
190
-438
784
603
522
-390
-1023
-171
435
571
-658
536
-679
347
237
-845
-256
-657
-966
-176
271
778
881
736
-483
486
131
-680
-227
789
660
-710
264
29
-323
-752
1005
-419
-842
-668
-697
535
309
-950
761
766
-1014
295
87
565
14
-483
-60
-146
-616
881
-122
996
-463
-957
537
-336
523
-760
893
-845
-113
-676
248
326
-256
-21
-669
-155
972
89
-653
-895
-122
868
725
58
-302
897
-646
464
152
657
365
-865
451
397
-482
929
238
-744
-373
-611
575
134
933
-60
340
513
-976
-724
-181
-972
-784
-705
577
604
-966
948
-916
-177
-354
920
-431
-801
712
42
551
-381
-474
984
-81
-591
243
-172
-83
49
919
748
739
-438
-564
440
385
978
924
-81
-148
-172
664
57
494
-936
172
277
-110
-312
10
-922
-114
382
-707
-734
-397
-113
-421
-642
-401
-147
-980
-399
-476
-773
102
7
960
315
765
-239
-414
13
-254
966
206
901
76
-691
-618
-329
424
-611
-301
61
669
-408
-154
134
-240
-183
656
537
74
-995
-906
43
434
487
520
627
833
-102
46
977
-1010
-464
-414
-62
948
-150
215
683
-741
-497
332
993
25
-673
-294
-1017
375
537
-911
643
323
-883
231
-946
139
-275
-889
413
376
377
1015
-468
-65
959
-873
-643
114
21
25
-514
-690
178
-772
324
309
794
590
-459
-202
508
623
872
159
-399
-773
375
-689
-235
-679
-531
-886
306
238
-105
767
95
484
-943
-530
-836
-335
-1004
428
-131
503
-958
870
862
-335
1015
366
-826
990
385
737
372
484
942
-757
-14
-355
138
-505
226
320
-98
-998
-48
-493
445
498
-365
-408
-589
-167
949
-369
-420
536
-542
-138
957
681
-752
-984
-607
-223
543
222
-913
-461
-464
131
-649
-693
601
-462
783
989
-24
-308
796
383
294
619
-1014
-627
-1012
669
119
-834
-61
-413
-39
-540
-461
-385
667
324
588
-400
-675
-128
767
198
-525
-168
-319
615
931
322
-206
-103
341
782
-975
97
386
-462
-222
524
-401
634
378
-138
-957
658
-729
-623
-317
169
801
1017
392
971
507
-835
-25
-286
194
-469
-7
-657
-234
771
-635
168
-281
261
402
-482
-686
144
-786
-106
-429
927
-361
-188
416
110
235
603
-1004
-754
775
-249
-874
387
-584
286
854
123
431
468
-659
705
-156
375
-126
-230
457
-206
-710
-370
479
-20
-70
177
342
646
173
-146
822
-994
370
-351
260
8
-147
-491
-291
974
-759
33
131
-463
-510
-966
867
568
207
-55
933
-190
-452
642
-108
156
-530
-65
199
-587
153
521
-942
-833
-880
-80
-543
-679
921
824
-975
462
259
-33
-946
-100
-66
191
391
479
539
-67
316
-141
-803
-482
-218
258
-179
237
773
-651
-898
-232
433
-414
336
714
-947
83
938
276
-920
569
-366
709
-834
818
-21
-848
-372
988
-486
-503
141
-472
-4
157
96
68
-565
171
382
1023
869
-933
513
835
-57
-235
776
-195
-846
967
404
-457
772
479
639
-130
-886
467
-217
-502
-532
-613
-280
1017
-696
99
38
355
-961
741
-902
952
741
-993
-795
-645
-206
972
-450
117
505
327
741
-802
-769
331
275
537
455
-463
-397
712
940
-1010
-16
-623
-291
828
92
259
805
716
289
-497
-885
-349
-487
285
440
413
796
-69
-895
580
-1015
-292
-854
-636
326
270
100
-490
-575
-698
-381
136
129
573
158
-678
304
712
405
579
168
686
143
-373
-855
742
472
581
159
1007
-504
623
1016
-90
721
-251
-915
775
945
-503
-867
-442
-1003
-382
-258
-515
218
163
-307
979
391
962
-926
-926
-304
-331
827
-134
-50
-723
646
270
-57
-985
-480
45
-252
-8
871
-725
-599
992
-345
348
26
679
474
-850
-394
-412
66
-608
-293
319
918
-370
28
594
580
5
-254
941
-894
370
141
454
681
-102
217
755
-106
-1005
-974
806
500
-117
-745
-400
746
-798
-987
-473
764
-962
403
576
639
-928
902
-464
-321
807
-797
765
-117
521
-399
477
-232
-362
673
700
243
812
977
-826
-81
-542
-21
605
-527
899
-180
902
-905
915
352
-883
-849
-484
269
-493
530
113
-678
277
-914
-323
165
-724
-384
-730
36
457
136
-84
-16
553
-450
265
553
777
378
225
745
158
-512
407
868
-139
-535
-610
872
-903
-441
-521
-474
706
699
628
-672
211
813
-445
932
739
-107
739
899
781
-945
17
503
619
308
586
404
-754
952
539
-530
-471
631
-455
993
919
-153
-644
-286
731
188
-166
-32
944
-922
937
-394
-870
31
549
-966
155
-489
-61
165
-838
-687
-763
-580
334
-930
-989
377
-254
-543
310
900
486
195
-40
-66
-992
-406
376
-498
46
901
1021
71
-84
-158
-777
-342
61
-715
311
690
522
274
-17
227
186
-795
-520
339
-147
682
-5
-94
-135
-117
520
789
653
-337
385
-46
-193
-1003
-190
487
-709
-996
-889
-545
260
110
750
-957
-474
-330
670
-706
-299
245
714
-936
-838
249
-567
-197
908
326
193
284
-90
-255
-447
-129
-439
-822
766
-436
636
326
-188
-112
59
377
-858
160
-422
-170
306
-139
541
-197
-320
-590
948
-685
-334
82
302
-561
582
591
-459
-590
-77
-988
299
-333
-809
19
1
-297
-183
985
790
968
-69
-575
71
-974
-928
209
-434
276
161
-840
-766
-205
-930
370
991
692
-833
745
781
-88
-231
831
200
370
-141
-15
657
155
-297
1007
-472
-952
-471
155
-502
616
803
-633
-244
629
-795
-305
822
368
-613
-403
94
577
-895
-433
-268
-119
-365
-994
-150
-843
-768
237
758
104
-235
-999
-402
522
-746
-548
978
-1
-734
775
-956
178
475
990
-819
32
-87
-850
424
-304
867
-127
170
91
778
-724
932
937
-78
996
741
-256
-4
933
832
317
-71
324
295
-375
987
-722
-176
-225
820
702
696
195
994
-349
-580
388
-817
-415
-579
-832
97
439
-50
1015
976
534
1014
-442
-565
433
50
875
-807
-637
-241
-278
979
908
-108
1021
-839
-778
-311
-596
-333
1011
202
280
-136
703
250
-891
534
-356
547
-812
-246
284
292
959
613
-141
-772
376
-181
775
664
-218
25
-629
-175
904
-831
-392
-503
-122
-349
504
-481
-145
-72
-437
317
-748
-739
304
328
-551
-790
-535
501
182
172
-608
747
-492
-7
527
1007
84
353
-550
174
693
-172
116
-1022
-419
-353
-660
77
780
150
-72
-360
576
399
-380
756
-52
-38
-566
-412
-286
392
-123
-456
-883
954
-983
529
-1003
480
-219
-413
465
-311
124
-74
65
477
-138
-440
-227
1014
-863
-830
-350
-49
-372
471
967
-105
-197
922
756
-57
-774
776
-573
620
50
-698
-272
184
359
-679
-920
789
532
-1007
-585
31
422
358
-414
-767
-918
253
-156
51
-932
981
-716
-685
81
15
-617
-68
-143
-366
-854
910
948
53
999
491
-687
834
-738
-314
-999
-591
306
539
-450
-301
-707
-810
-647
-45
659
173
-633
-486
182
-186
316
-247
104
-881
1001
647
-552
282
-527
-71
985
-27
-223
892
224
512
-369
-927
-101
940
268
138
383
-936
249
249
607
364
8
-589
928
-580
-604
-679
924
937
-785
413
597
536
-863
-361
-910
-209
637
768
297
-925
413
-486
-941
259
-554
-488
-131
-961
46
-283
-288
-597
489
-34
234
-512
919
-86
-960
-991
631
-684
-727
-95
-867
-385
-290
295
-413
776
-529
461
601
-43
203
885
520
114
-913
-1014
-1021
919
688
693
745
995
472
866
-962
-167
687
-987
-141
-191
741
-11
-805
-578
-986
32
-275
181
-521
-553
-715
-268
697
490
-930
-116
896
273
-291
-352
-190
-462
-597
230
585
560
618
-385
385
114
-514
805
114
445
65
61
-688
401
786
-900
527
-516
347
-98
157
515
396
-338
-407
-1019
-687
446
128
863
142
579
44
421
-522
135
424
-136
414
-838
559
59
-181
299
-727
101
-772
-844
278
-1021
-460
-976
798
-927
993
4
-304
810
-268
459
745
1021
60
345
-766
-884
171
131
-496
-792
-274
-693
-213
-930
-87
-411
86
842
-501
-319
741
-402
586
-981
-60
-90
-893
55
-895
605
-965
701
-24
-927
-116
-535
-1003
-228
257
730
-552
579
-505
884
-528
408
635
950
792
797
929
-771
850
116
-670
751
-32
289
-57
-407
6
991
-86
433
142
-6
527
-596
50
-116
-876
100
-38
561
678
-374
311
-1007
171
784
318
66
-212
-205
665
-151
-998
-997
169
527
625
267
1012
733
-178
-975
146
130
-400
376
-199
-658
159
613
-441
244
-483
-784
940
577
907
549
1010
419
295
733
894
-485
-3
-484
759
-573
-9
-554
230
44
-581
589
826
697
63
-587
129
615
75
-543
115
71
252
875
-974
-265
-848
-798
-852
595
956
-11
245
-358
-183
-408
93
-636
598
908
267
-546
-186
482
-737
812
896
725
-633
-223
741
953
806
-418
-378
-423
-135
-83
-249
932
196
-531
-862
-924
967
-223
-657
-91
-399
256
174
-188
28
-529
-788
508
998
-358
243
129
524
-464
206
-481
879
-289
570
775
721
195
696
-366
-724
209
-197
-134
456
-278
-112
67
319
793
572
723
137
789
-222
-417
-45
-806
234
172
448
425
107
-455
268
549
836
393
689
185
-505
-269
-164
574
-655
-262
84
-16
-357
0
758
599
117
-757
1004
886
-656
-503
-243
335
-759
584
993
-496
90
-1022
928
980
-37
503
846
-557
-903
-453
-1015
-683
-743
193
493
-946
1003
594
-726
180
365
127
-14
434
839
-911
331
229
-291
560
-380
205
-954
-299
968
307
-144
-941
-91
-828
38
958
-223
-971
104
245
994
-671
-888
897
-81
122
-796
-766
-259
709
507
-843
-1019
558
-833
140
-994
777
-259
-642
91
-900
-733
-65
-2
90
96
-943
-842
95
373
179
-636
335
460
291
-480
-215
-396
-659
-83
418
550
148
529
58
-880
954
-582
307
785
598
586
193
697
836
859
489
260
-862
10
-328
-548
-946
-240
994
-51
828
866
570
-812
-834
510
943
417
406
-869
316
130
-344
75
-254
0
396
-159
745
-639
-572
-322
-1014
-312
139
-673
-804
339
931
-12
-517
409
-19
-768
586
-428
840
871
-174
-912
731
-568
-897
-850
16
697
342
-340
662
522
-529
-266
-59
-199
357
884
710
78
744
-431
-695
-518
-509
176
179
768
455
842
-443
153
916
-896
-991
-676
511
-486
183
-429
-55
818
233
-75
813
342
132
620
-459
-233
763
773
787
838
739
229
-896
-339
822
-706
-121
602
94
-415
-933
651
-611
-167
989
-581
-495
280
669
340
-352
850
890
734
-105
-332
-77
-162
-510
-918
-203
-682
-1015
62
-177
-451
-586
-870
-472
-900
-917
-878
821
-656
954
419
-709
-886
19
685
710
70
443
358
-150
-259
502
721
-277
718
-776
846
1023
1006
924
133
829
-334
62
856
-761
162
-446
209
-235
271
-700
984
907
91
870
-559
-898
-94
341
-742
545
-976
628
-623
-900
-442
957
-316
-726
-830
13
530
388
68
933
493
-814
-536
669
320
528
212
877
275
-428
-845
697
-552
1021
600
-137
-811
270
168
-581
932
960
357
-699
440
154
1012
-454
814
424
582
427
617
250
-773
-305
715
340
-916
-799
-922
69
862
444
-295
-1002
-263
-104
-301
-753
-861
-447
775
517
144
453
677
605
-374
459
976
548
985
350
-296
-88
871
-644
-963
-431
847
210
82
-289
-155
-802
848
32
-758
-831
359
-861
-210
53
580
474
159
-534
-466
-598
417
-180
185
452
-437
557
425
815
946
27
-99
348
-1004
358
226
-462
244
-934
786
114
-745
-1002
-877
-9
698
63
-922
82
955
-217
-240
-105
591
943
-811
644
949
3
-266
-874
-1004
789
287
-66
-329
-29
-232
889
-603
990
794
111
527
-362
275
160
-417
-182
-871
-362
-512
611
-699
481
-121
394
664
-83
-330
-822
-660
247
-507
-147
42
577
128
-678
50
-286
-466
-382
-871
4
717
-194
281
-239
-191
-681
-2
-954
-537
562
-560
-262
-69
-257
934
-301
-153
584
-332
-530
-316
911
364
-369
623
165
-962
348
835
-696
687
468
587
215
-431
213
-437
378
108
-305
713
-124
468
706
-429
-920
63
-243
624
641
212
-473
-522
-143
-199
-945
149
-541
249
133
-320
-501
-199
920
500
-121
-794
-202
505
-738
-963
53
827
271
833
-550
-344
-55
-510
-595
436
-132
-382
-647
-152
-635
-72
90
-587
-560
740
300
665
-345
-321
766
909
-803
-669
-304
-962
-181
-107
382
-501
-736
246
-994
702
-253
228
165
-462
111
-386
1016
472
885
40
415
-259
641
823
0
-725
387
1021
336
-349
545
-428
-107
10
884
-219
180
192
-575
-347
-299
-24
-966
940
967
-565
255
-61
344
213
430
-320
-85
586
-726
-723
454
-508
-725
-764
-328
500
-75
177
-177
46
-824
611
912
975
-212
234
-1024
-665
547
819
648
37
-121
-89
-173
1001
-657
364
182
-128
675
-73
706
842
182
-24
-530
-377
192
376
304
947
-616
643
977
637
-376
756
-23
647
-607
-75
976
-118
-968
-155
546
541
-926
-968
-865
-9
-27
549
855
-665
-663
898
103
927
891
-525
497
964
846
-533
685
376
-915
-338
-575
1019
79
-482
-898
-313
689
432
939
-789
829
884
31
-52
-901
-755
558
518
578
79
669
199
271
563
-82
-516
274
-207
-583
443
418
593
-180
-434
756
-339
-715
-535
159
473
142
-90
-354
-130
765
283
-833
-1005
255
298
548
831
928
-467
644
-671
-24
805
-589
351
528
-391
-83
140
371
-601
318
-774
20
-446
793
411
-701
785
226
-284
760
381
729
-901
266
914
-339
803
-567
73
646
-707
-787
-122
-233
-611
883
698
-178
-313
-662
654
-463
-178
-920
-254
-575
274
85
-638
-646
580
-465
1017
-330
703
-922
-1017
-294
661
56
-554
443
382
902
5
168
120
-976
-767
-761
55
-391
-10
-940
-635
-154
840
277
-427
791
-406
589
276
495
729
667
400
349
393
-882
224
466
-612
155
-328
825
-400
-256
-968
916
-885
737
-570
-565
719
531
-756
-319
-841
501
599
803
522
-83
1013
-684
-214
-143
-777
244
234
416
-970
68
-984
-939
-288
-452
-196
733
-991
-147
-406
-396
753
732
-243
-362
-549
924
296
-916
615
909
616
300
-849
386
-613
423
93
-956
195
50
1024
884
-348
1021
243
411
411
736
-583
-512
-228
423
-505
82
-274
303
103
284
490
-182
216
182
-1013
-294
459
-563
285
-651
136
-160
-878
-178
-956
868
861
32
53
418
-249
295
938
-1003
-959
962
-406
-540
-671
337
-923
520
-233
676
635
-113
-18
-718
-654
294
638
-465
-434
-911
-737
14
209
-39
-326
-293
-621
-95
9
970
-900
537
378
-169
-747
-842
409
683
-733
869
-357
455
-417
942
-370
310
981
22
-272
-793
-829
343
-275
-867
1006
-262
-491
259
-479
88
949
469
853
944
-641
831
627
290
-7
958
-909
4
199
999
-330
-472
-636
-210
696
-220
991
-459
865
606
894
127
-116
-466
-196
-969
10
674
-268
-185
708
485
825
-566
-728
413
-156
142
-14
-8
24
-358
-431
-641
-182
469
520
414
-359
396
351
-106
-992
-492
-500
-208
-279
893
913
507
640
-849
469
-511
162
309
-169
179
824
460
-426
-105
-971
932
-473
-377
463
-850
-14
-965
185
1020
77
405
-697
920
316
298
265
139
-720
-192
-747
-655
858
999
-900
-52
430
-687
-357
599
-349
360
-639
-219
-284
-387
-612
-653
-152
350
-201
-691
951
-917
-392
189
435
701
-839
-487
-92
-1011
-810
-5
-159
-260
325
863
327
-224
695
-187
-1009
180
767
-405
112
949
-850
84
582
-109
-58
382
521
-18
388
494
350
640
536
743
-491
420
76
-71
-610
888
292
-420
-259
162
-313
-625
-943
-542
-124
-967
-124
382
804
-457
-368
-28
881
-41
570
81
956
-196
-181
640
172
37
946
-338
-624
108
314
-863
619
-220
106
-865
650
719
-570
-129
-550
1003
248
557
1003
-17
208
-742
419
946
535
-942
123
99
-96
860
488
673
-1020
683
342
77
652
128
783
-779
365
135
170
633
192
-817
-286
-792
328
-857
-862
-954
695
227
-234
-309
-539
279
-86
466
-681
-316
-503
164
913
-748
667
-922
-178
-595
-354
473
-307
-874
-214
-178
949
675
312
-103
-776
704
-837
892
-721
-83
251
442
-317
-781
-333
-204
332
104
1005
-673
423
-961
-139
127
432
1019
113
-703
393
570
-82
380
123
-71
10
-1013
-645
808
-444
-555
-692
-274
954
-344
745
551
-710
-777
-850
310
-149
59
637
-341
-186
-519
305
118
-828
509
853
550
310
-357
-171
986
-924
678
924
-209
-280
518
-729
786
618
464
-228
-479
-31
588
466
-357
-744
-1019
-406
326
623
986
794
867
-51
-862
657
-969
-534
194
-475
-584
21
-752
313
-802
466
337
-128
868
-866
43
-328
-372
-357
-416
376
-989
592
-737
455
0
454
-608
736
221
-876
-518
-368
-916
-994
631
-760
61
-490
-92
594
183
-14
816
-198
-478
-728
-819
-346
-215
-912
1023
713
3
-189
827
864
-526
289
455
456
-304
-132
-975
-373
-616
-232
715
826
765
38
-509
887
-860
769
516
381
626
893
-997
-520
-314
-402
467
767
-852
90
-152
-452
677
-344
-128
72
-1020
-713
-752
778
-671
-746
808
42
-141
-159
-252
-643
45
-784
774
-396
-733
923
751
-624
608
404
-561
-67
286
517
658
295
910
-537
749
-571
954
-873
-215
-478
586
996
477
898
-801
-331
-866
-112
-734
634
-781
-216
881
773
-883
465
-992
-587
26
-909
-5
-81
661
509
214
-93
699
858
-826
-149
-363
-679
-788
-55
854
-845
469
-351
810
124
-1018
723
712
-343
-535
-655
-301
777
713
-318
-521
-67
274
633
52
-1015
450
56
-166
-258
449
694
550
332
609
90
-310
-792
-472
-630
301
-688
-156
-969
-197
662
34
178
-171
734
625
668
-829
116
-310
-938
-69
747
731
-948
-249
198
-413
628
879
-252
-243
540
-443
124
43
-425
-814
-695
657
-999
666
693
618
759
-203
637
-301
-1005
879
79
-252
166
559
49
772
-31
289
230
-3
867
-290
-920
14
-316
-211
338
-127
649
769
928
-392
-592
-974
-407
-100
799
-531
-644
934
661
-52
477
738
-744
263
239
415
349
218
1012
175
-436
-689
-189
-218
693
396
983
297
79
-362
-466
-787
-834
901
718
496
-841
374
971
973
-693
74
534
-728
455
-285
-100
13
-8
435
744
-620
981
855
179
-474
75
-278
279
518
-698
749
488
645
-650
-968
725
362
601
748
566
-4
-154
971
-733
-987
-46
860
-360
-849
-305
-157
-63
-636
-886
305
57
-152
22
230
503
-803
273
-622
739
-900
-766
-534
974
-959
405
-687
-666
806
312
887
234
86
871
853
-572
-294
-681
425
468
698
-957
-922
-702
-475
-463
427
160
618
-600
221
-36
-864
-214
-405
-923
428
-541
-932
999
109
481
-76
-68
406
-998
-205
-24
-598
-30
990
287
-197
679
-41
17
-768
562
-782
-124
-988
-545
-853
415
-151
-426
-967
-424
483
619
-301
178
-262
-191
905
17
490
-54
343
651
-436
358
194
-448
-572
-966
-657
-916
-100
-313
92
125
7
981
890
-883
-429
738
-1001
-20
348
-755
-979
-360
1001
-205
-122
646
-91
997
-204
-794
-710
411
241
-736
992
-270
110
487
-360
636
-588
348
-700
-982
512
919
1017
648
150
534
-236
29
751
-773
689
863
-716
-548
458
372
4
-390
25
-562
468
-556
-18
-685
-179
-203
132
820
785
447
685
-286
130
445
508
424
748
-874
538
-26
824
-559
653
-457
-45
-205
-692
-56
-351
-132
515
-906
275
-953
399
24
683
981
403
-632
536
-857
-596
-832
-217
942
-358
706
-502
-421
370
-968
772
-408
283
-988
-636
-1019
-752
818
-733
-1016
261
-321
-76
-930
-705
-828
803
-678
-85
-363
-337
-905
27
-583
-356
-600
652
-23
657
582
-259
-600
387
-598
-510
-181
824
663
633
-506
725
711
-294
-922
482
524
455
949
667
-837
1023
677
87
117
-465
-804
-289
7
-589
51
-466
794
-658
679
581
145
-483
-1012
556
813
-353
-444
46
887
408
675
698
293
-501
908
-975
-379
-950
499
396
-686
744
-143
-676
-81
816
-625
79
1024
66
204
841
8
821
-1006
-596
-373
356
-104
266
323
307
110
-992
-458
452
140
223
-1010
-115
560
775
125
-983
3
82
-192
719
953
223
-706
521
840
-859
-578
364
-449
-446
39
780
-669
750
812
-459
-386
-600
-527
429
960
167
422
103
477
-542
32
-927
-789
-228
-162
955
847
-792
-44
-687
308
-259
-461
-782
-284
710
40
-607
-562
-1012
264
-406
-881
303
811
-52
785
-1006
649
-498
150
-392
669
157
-197
99
-90
-358
-206
666
-326
353
594
355
370
593
-47
814
953
402
544
-678
267
526
505
-923
-132
-779
1019
644
-707
161
-533
192
598
-873
-818
-275
461
652
291
-757
-499
-836
957
-492
-386
-231
800
54
-472
-285
250
-888
-1004
971
-487
-97
-711
347
-298
393
181
935
-1023
190
600
-503
79
-631
-304
-666
547
-678
775
835
-700
-685
-680
32
881
501
896
-493
-309
-488
920
-318
822
-130
713
502
375
33
529
-617
1000
297
43
255
977
524
-631
-140
734
-952
754
618
371
-729
-180
368
-347
-991
74
-1
-818
-337
238
755
-682
-732
-317
810
865
363
371
341
108
198
388
835
-349
473
-309
-410
-333
-696
-881
-637
-204
106
-686
-532
-284
612
270
-1011
546
-247
126
-286
-763
220
232
-705
-307
632
577
-507
-521
647
-962
-177
-594
837
-203
680
-920
1003
-618
-944
380
100
98
949
73
190
-46
-16
810
25
390
980
307
-917
-174
328
-853
91
-13
-639
-245
-293
716
264
345
810
43
655
-945
-140
1024
-249
186
396
1020
1007
-347
39
-854
-924
-189
-142
-78
-210
-856
-40
-45
-550
553
-274
-598
-993
744
-22
964
-737
508
-126
58
422
-69
-346
465
391
-82
-115
976
1019
-537
816
736
472
-782
-436
323
316
629
-1017
58
-112
634
-776
760
-932
458
-971
-441
-673
-901
285
-252
-65
343
649
185
-990
930
608
-114
-290
740
-301
916
829
-260
891
735
1002
-578
608
-270
-501
587
-253
602
-823
484
-848
112
405
-67
-8
-1007
-130
881
-40
-128
419
800
-642
934
-945
-973
-887
491
315
610
-280
471
-303
-786
-623
-391
-840
-959
-197
787
278
73
211
231
447
694
50
-90
468
-785
599
758
-867
794
781
419
-76
-42
-977
511
136
-532
-99
589
601
-749
-352
-77
858
917
265
-1019
915
723
-302
1009
-228
156
459
-657
39
822
-406
-483
-712
584
317
-783
721
-852
183
1002
847
-729
46
-572
382
111
-539
385
-755
628
710
804
320
-173
-23
-611
-394
-1021
206
487
-383
344
-624
-430
666
-765
-38
995
-716
-523
-34
590
-835
-925
865
-235
-974
533
498
972
-142
698
-998
-418
1015
356
-225
-942
80
-272
-484
-490
386
776
451
122
-316
412
-63
-195
-486
-419
125
622
915
59
617
669
-910
-626
-286
62
-395
-70
760
369
-71
-440
-527
904
-594
-125
785
-206
490
77
789
448
628
623
-424
-796
-920
-58
959
-556
742
-189
-935
415
173
-1001
-110
459
-407
-427
-2
412
-318
-325
258
43
-542
-906
-22
-30
627
721
460
494
711
142
-916
874
-88
57
205
-145
603
-617
-122
-457
750
408
-996
245
461
-990
374
27
310
924
93
-256
-76
-12
-967
722
-775
324
-602
-200
-375
-422
740
-1014
-336
-902
-546
-676
-94
-563
-772
-255
-910
-318
-331
-497
-252
498
313
930
600
35
43
-816
332
-611
-440
-477
-74
1005
350
-217
785
152
-957
-776
-594
500
-439
866
396
424
-110
-603
29
298
-825
528
20
-666
323
-546
222
674
508
-202
754
-707
-570
-887
895
-383
-1017
-830
537
-881
535
-482
91
-1012
-881
-730
-73
-495
628
-781
-875
832
-292
882
-436
526
264
-126
859
626
700
-740
-123
623
413
986
-768
-683
-1002
334
-446
956
513
862
923
-612
-196
850
653
-15
466
436
490
211
-486
-563
168
632
-976
-350
240
-96
-439
-643
-87
-832
268
499
-65
-359
334
955
-619
198
686
-657
-145
804
-39
270
743
750
404
126
-487
991
142
895
441
-252
-535
707
-49
-169
42
-908
732
-872
123
479
-987
-793
-426
-975
-115
906
-757
806
-623
-671
-1024
576
-968
966
852
391
445
-461
323
393
56
780
750
-796
599
-46
-928
-131
-615
-822
115
-1014
-172
-534
-498
241
-139
771
44
-217
295
201
377
293
-765
412
-545
-797
62
552
792
175
903
-303
743
936
-180
-536
841
-952
433
-30
674
632
-597
-413
603
-112
-334
880
400
621
135
861
-307
-644
-968
-155
-23
9
795
-540
-747
-960
-351
-991
-949
565
711
-974
-618
668
-164
-669
697
-948
853
671
-136
868
83
-333
-837
-34
434
-160
-276
666
977
-295
-219
942
1005
-147
280
954
-893
-36
-391
977
372
722
-1016
218
-112
263
634
31
-6
950
314
-366
724
524
709
810
-937
-681
-955
219
-54
-610
-575
429
-929
501
-686
785
-692
639
832
502
-594
355
-748
142
-895
-278
-359
630
926
-125
-525
-781
121
818
704
743
-524
-630
-799
764
-813
-502
-370
-758
-547
696
726
-946
288
689
-871
900
-771
654
-535
-785
-174
153
-249
877
561
-436
-1022
53
888
256
678
-595
431
-227
-770
-130
278
-584
985
-428
484
-463
565
814
-184
-443
644
-638
34
336
-966
-81
856
74
571
274
-958
526
1024
174
1005
736
-982
377
-350
-663
-379
-523
594
-431
472
306
-476
-33
269
-673
575
-439
-1008
-507
240
-549
-947
127
458
662
-460
-935
777
-17
934
490
690
-630
-555
-836
47
432
114
354
387
413
350
737
900
862
277
704
-807
458
-514
-560
-969
-412
-40
66
985
-866
0
432
-309
-822
-967
728
-777
-398
475
-231
-300
285
617
482
-698
273
875
-762
158
318
764
-401
-717
924
-999
782
692
42
105
-169
-810
1010
-1020
-809
108
52
-477
421
644
-915
123
-310
-152
13
-112
674
-323
115
350
-446
-345
-384
-526
948
-993
425
840
930
404
453
-17
958
207
861
407
204
-339
117
-365
-707
987
665
-536
-197
-75
905
-420
-121
534
567
403
-314
550
-190
477
-793
255
-529
641
607
-52
-816
-717
338
203
-173
213
-7
504
400
-446
-797
-131
390
525
688
308
819
-17
-741
-812
919
-906
-753
-196
675
851
10
574
251
408
772
366
-999
316
247
-465
-170
345
-653
-821
-326
649
920
925
402
745
-724
-177
-26
983
184
-235
-272
691
515
1005
-708
-534
-311
-868
733
-350
-451
858
-272
829
590
-970
168
-902
973
763
547
22
-802
-977
-451
245
-251
-937
1008
500
-795
821
-749
441
-532
148
-23
-714
-298
-501
90
-659
-937
9
-1004
-285
-258
974
0
-49
652
366
-635
599
-389
273
306
540
-656
921
-46
-770
-481
526
307
917
542
-646
974
1001
634
-519
-281
-86
1
-335
-963
71
316
523
-702
33
726
-156
-489
248
1007
-503
-514
-6
-526
111
329
568
-232
457
632
399
-948
315
593
-524
-395
-502
-515
707
551
-790
-365
249
863
301
74
-924
-473
167
519
219
-584
897
-787
716
-402
-855
-852
-428
202
-828
-548
-172
87
950
169
1021
-124
135
-177
-2
-450
584
-646
-38
-428
-57
-192
-318
-27
-341
-293
-380
-340
-23
-365
428
-158
126
774
698
-785
115
792
498
-546
-349
293
84
-11
-867
-506
643
-546
-877
-390
-133
-521
912
516
693
-664
-737
318
-982
-629
-881
-144
940
595
-434
405
87
-242
639
-816
-124
105
-488
-930
-252
-499
640
505
467
-644
824
-816
796
-219
476
-949
753
-743
888
-144
503
-467
-831
832
-257
932
36
840
-453
712
-901
-481
679
-39
-806
12
-26
-106
-216
-527
29
-981
-487
425
-378
-27
-221
-791
195
-564
778
489
201
-955
-853
-935
-134
814
33
-1015
390
-901
-115
-136
983
-482
-583
128
1011
-117
-314
-63
-139
608
513
241
-514
400
-72
430
333
800
-913
-165
1024
-648
-700
-977
-915
417
3
609
-484
-621
-80
-175
692
895
548
-868
-641
475
329
389
611
244
-746
227
505
-744
-258
-857
787
-612
781
-884
-8
474
683
-755
345
290
-182
-4
-229
838
280
-733
-569
951
772
-520
489
477
263
-813
462
-402
-74
321
914
415
781
-73
28
295
417
-566
918
-866
-728
-562
536
183
170
-509
-161
-106
315
-685
219
314
-185
-466
-383
9
-631
807
-454
-497
360
732
314
375
-94
-744
158
-102
-746
-276
-69
-680
-566
-551
-428
-978
192
-267
-673
-57
796
774
127
-325
419
-551
-288
-202
-67
-409
-73
-317
95
210
672
-675
1002
-665
459
280
60
398
979
-848
323
-186
1006
430
-298
-296
195
-640
73
-594
-261
-666
-396
-675
981
-360
295
991
-397
783
26
636
56
757
509
676
688
-849
-195
756
-374
-473
251
-773
-336
336
-98
-887
-604
-729
268
-688
580
663
-1001
-382
460
293
44
545
-736
524
-624
216
-183
566
-308
811
335
-791
799
-258
-785
-758
148
-39
-54
957
354
-963
-87
610
295
168
-737
461
127
-739
612
369
-253
697
-478
-127
28
-1019
431
-167
550
282
-383
-814
1013
-869
-438
784
-397
201
277
858
-796
-734
732
-38
-256
-524
899
137
-666
259
-824
-270
-823
974
-662
140
-799
1003
-812
-775
152
-393
316
522
-147
-311
-369
-107
-409
38
361
723
949
-800
489
221
259
790
818
-71
-671
-754
-489
-311
45
-485
42
-664
-826
-857
-533
664
405
-168
379
-827
-240
73
-335
816
549
-625
-757
-389
648
-949
-389
-54
405
226
-387
620
553
299
754
-117
-924
-793
-173
5
302
154
-678
-484
148
-414
686
179
209
-408
-919
-538
-650
-58
-557
-372
-737
404
664
-955
767
-796
-922
632
-51
-886
139
-434
-544
-740
322
-916
-258
-334
-29
-338
357
-981
-228
286
-172
35
-535
991
507
414
-714
91
663
566
437
-699
-833
193
-641
-251
715
-793
870
-836
-404
705